A 2 140 40 -390 -240
D 1 140 40 -250 -240
B 1 140 40 -110 -240 D
U 0 80 40 0 -240
B 1 140 40 110 -240 S
D 1 140 40 250 -240
A 2 140 40 390 -240
B 2 140 40 -390 -200 E
D 1 140 40 -250 -200
D 1 140 40 -110 -200
U 0 80 40 0 -200
D 1 140 40 110 -200
D 1 140 40 250 -200
B 2 140 40 390 -200 R
D 1 140 40 -390 -160
A 2 140 40 -250 -160
D 1 140 40 -110 -160
U 0 80 40 0 -160
D 1 140 40 110 -160
A 2 140 40 250 -160
D 1 140 40 390 -160
D 1 140 40 -390 -120
D 1 140 40 -250 -120
B 2 140 40 -110 -120 B
U 0 80 40 0 -120
B 2 140 40 110 -120 A
D 1 140 40 250 -120
D 1 140 40 390 -120